t F x v 
0.0
0.01001001001
0.02002002002
0.03003003003
0.04004004004
0.0500500500501
0.0600600600601
0.0700700700701
0.0800800800801
0.0900900900901
0.1001001001
0.11011011011
0.12012012012
0.13013013013
0.14014014014
0.15015015015
0.16016016016
0.17017017017
0.18018018018
0.19019019019
0.2002002002
0.21021021021
0.22022022022
0.23023023023
0.24024024024
0.25025025025
0.26026026026
0.27027027027
0.28028028028
0.29029029029
0.3003003003
0.31031031031
0.32032032032
0.33033033033
0.34034034034
0.35035035035
0.36036036036
0.37037037037
0.38038038038
0.39039039039
0.4004004004
0.41041041041
0.42042042042
0.43043043043
0.44044044044
0.45045045045
0.46046046046
0.47047047047
0.48048048048
0.49049049049
0.500500500501
0.510510510511
0.520520520521
0.530530530531
0.540540540541
0.550550550551
0.560560560561
0.570570570571
0.580580580581
0.590590590591
0.600600600601
0.610610610611
0.620620620621
0.630630630631
0.640640640641
0.650650650651
0.660660660661
0.670670670671
0.680680680681
0.690690690691
0.700700700701
0.710710710711
0.720720720721
0.730730730731
0.740740740741
0.750750750751
0.760760760761
0.770770770771
0.780780780781
0.790790790791
0.800800800801
0.810810810811
0.820820820821
0.830830830831
0.840840840841
0.850850850851
0.860860860861
0.870870870871
0.880880880881
0.890890890891
0.900900900901
0.910910910911
0.920920920921
0.930930930931
0.940940940941
0.950950950951
0.960960960961
0.970970970971
0.980980980981
0.990990990991
1.001001001
1.01101101101
1.02102102102
1.03103103103
1.04104104104
1.05105105105
1.06106106106
1.07107107107
1.08108108108
1.09109109109
1.1011011011
1.11111111111
1.12112112112
1.13113113113
1.14114114114
1.15115115115
1.16116116116
1.17117117117
1.18118118118
1.19119119119
1.2012012012
1.21121121121
1.22122122122
1.23123123123
1.24124124124
1.25125125125
1.26126126126
1.27127127127
1.28128128128
1.29129129129
1.3013013013
1.31131131131
1.32132132132
1.33133133133
1.34134134134
1.35135135135
1.36136136136
1.37137137137
1.38138138138
1.39139139139
1.4014014014
1.41141141141
1.42142142142
1.43143143143
1.44144144144
1.45145145145
1.46146146146
1.47147147147
1.48148148148
1.49149149149
1.5015015015
1.51151151151
1.52152152152
1.53153153153
1.54154154154
1.55155155155
1.56156156156
1.57157157157
1.58158158158
1.59159159159
1.6016016016
1.61161161161
1.62162162162
1.63163163163
1.64164164164
1.65165165165
1.66166166166
1.67167167167
1.68168168168
1.69169169169
1.7017017017
1.71171171171
1.72172172172
1.73173173173
1.74174174174
1.75175175175
1.76176176176
1.77177177177
1.78178178178
1.79179179179
1.8018018018
1.81181181181
1.82182182182
1.83183183183
1.84184184184
1.85185185185
1.86186186186
1.87187187187
1.88188188188
1.89189189189
1.9019019019
1.91191191191
1.92192192192
1.93193193193
1.94194194194
1.95195195195
1.96196196196
1.97197197197
1.98198198198
1.99199199199
2.002002002
2.01201201201
2.02202202202
2.03203203203
2.04204204204
2.05205205205
2.06206206206
2.07207207207
2.08208208208
2.09209209209
2.1021021021
2.11211211211
2.12212212212
2.13213213213
2.14214214214
2.15215215215
2.16216216216
2.17217217217
2.18218218218
2.19219219219
2.2022022022
2.21221221221
2.22222222222
2.23223223223
2.24224224224
2.25225225225
2.26226226226
2.27227227227
2.28228228228
2.29229229229
2.3023023023
2.31231231231
2.32232232232
2.33233233233
2.34234234234
2.35235235235
2.36236236236
2.37237237237
2.38238238238
2.39239239239
2.4024024024
2.41241241241
2.42242242242
2.43243243243
2.44244244244
2.45245245245
2.46246246246
2.47247247247
2.48248248248
2.49249249249
2.5025025025
2.51251251251
2.52252252252
2.53253253253
2.54254254254
2.55255255255
2.56256256256
2.57257257257
2.58258258258
2.59259259259
2.6026026026
2.61261261261
2.62262262262
2.63263263263
2.64264264264
2.65265265265
2.66266266266
2.67267267267
2.68268268268
2.69269269269
2.7027027027
2.71271271271
2.72272272272
2.73273273273
2.74274274274
2.75275275275
2.76276276276
2.77277277277
2.78278278278
2.79279279279
2.8028028028
2.81281281281
2.82282282282
2.83283283283
2.84284284284
2.85285285285
2.86286286286
2.87287287287
2.88288288288
2.89289289289
2.9029029029
2.91291291291
2.92292292292
2.93293293293
2.94294294294
2.95295295295
2.96296296296
2.97297297297
2.98298298298
2.99299299299
3.003003003
3.01301301301
3.02302302302
3.03303303303
3.04304304304
3.05305305305
3.06306306306
3.07307307307
3.08308308308
3.09309309309
3.1031031031
3.11311311311
3.12312312312
3.13313313313
3.14314314314
3.15315315315
3.16316316316
3.17317317317
3.18318318318
3.19319319319
3.2032032032
3.21321321321
3.22322322322
3.23323323323
3.24324324324
3.25325325325
3.26326326326
3.27327327327
3.28328328328
3.29329329329
3.3033033033
3.31331331331
3.32332332332
3.33333333333
3.34334334334
3.35335335335
3.36336336336
3.37337337337
3.38338338338
3.39339339339
3.4034034034
3.41341341341
3.42342342342
3.43343343343
3.44344344344
3.45345345345
3.46346346346
3.47347347347
3.48348348348
3.49349349349
3.5035035035
3.51351351351
3.52352352352
3.53353353353
3.54354354354
3.55355355355
3.56356356356
3.57357357357
3.58358358358
3.59359359359
3.6036036036
3.61361361361
3.62362362362
3.63363363363
3.64364364364
3.65365365365
3.66366366366
3.67367367367
3.68368368368
3.69369369369
3.7037037037
3.71371371371
3.72372372372
3.73373373373
3.74374374374
3.75375375375
3.76376376376
3.77377377377
3.78378378378
3.79379379379
3.8038038038
3.81381381381
3.82382382382
3.83383383383
3.84384384384
3.85385385385
3.86386386386
3.87387387387
3.88388388388
3.89389389389
3.9039039039
3.91391391391
3.92392392392
3.93393393393
3.94394394394
3.95395395395
3.96396396396
3.97397397397
3.98398398398
3.99399399399
4.004004004
4.01401401401
4.02402402402
4.03403403403
4.04404404404
4.05405405405
4.06406406406
4.07407407407
4.08408408408
4.09409409409
4.1041041041
4.11411411411
4.12412412412
4.13413413413
4.14414414414
4.15415415415
4.16416416416
4.17417417417
4.18418418418
4.19419419419
4.2042042042
4.21421421421
4.22422422422
4.23423423423
4.24424424424
4.25425425425
4.26426426426
4.27427427427
4.28428428428
4.29429429429
4.3043043043
4.31431431431
4.32432432432
4.33433433433
4.34434434434
4.35435435435
4.36436436436
4.37437437437
4.38438438438
4.39439439439
4.4044044044
4.41441441441
4.42442442442
4.43443443443
4.44444444444
4.45445445445
4.46446446446
4.47447447447
4.48448448448
4.49449449449
4.5045045045
4.51451451451
4.52452452452
4.53453453453
4.54454454454
4.55455455455
4.56456456456
4.57457457457
4.58458458458
4.59459459459
4.6046046046
4.61461461461
4.62462462462
4.63463463463
4.64464464464
4.65465465465
4.66466466466
4.67467467467
4.68468468468
4.69469469469
4.7047047047
4.71471471471
4.72472472472
4.73473473473
4.74474474474
4.75475475475
4.76476476476
4.77477477477
4.78478478478
4.79479479479
4.8048048048
4.81481481481
4.82482482482
4.83483483483
4.84484484484
4.85485485485
4.86486486486
4.87487487487
4.88488488488
4.89489489489
4.9049049049
4.91491491491
4.92492492492
4.93493493493
4.94494494494
4.95495495495
4.96496496496
4.97497497497
4.98498498498
4.99499499499
5.00500500501
5.01501501502
5.02502502503
5.03503503504
5.04504504505
5.05505505506
5.06506506507
5.07507507508
5.08508508509
5.0950950951
5.10510510511
5.11511511512
5.12512512513
5.13513513514
5.14514514515
5.15515515516
5.16516516517
5.17517517518
5.18518518519
5.1951951952
5.20520520521
5.21521521522
5.22522522523
5.23523523524
5.24524524525
5.25525525526
5.26526526527
5.27527527528
5.28528528529
5.2952952953
5.30530530531
5.31531531532
5.32532532533
5.33533533534
5.34534534535
5.35535535536
5.36536536537
5.37537537538
5.38538538539
5.3953953954
5.40540540541
5.41541541542
5.42542542543
5.43543543544
5.44544544545
5.45545545546
5.46546546547
5.47547547548
5.48548548549
5.4954954955
5.50550550551
5.51551551552
5.52552552553
5.53553553554
5.54554554555
5.55555555556
5.56556556557
5.57557557558
5.58558558559
5.5955955956
5.60560560561
5.61561561562
5.62562562563
5.63563563564
5.64564564565
5.65565565566
5.66566566567
5.67567567568
5.68568568569
5.6956956957
5.70570570571
5.71571571572
5.72572572573
5.73573573574
5.74574574575
5.75575575576
5.76576576577
5.77577577578
5.78578578579
5.7957957958
5.80580580581
5.81581581582
5.82582582583
5.83583583584
5.84584584585
5.85585585586
5.86586586587
5.87587587588
5.88588588589
5.8958958959
5.90590590591
5.91591591592
5.92592592593
5.93593593594
5.94594594595
5.95595595596
5.96596596597
5.97597597598
5.98598598599
5.995995996
6.00600600601
6.01601601602
6.02602602603
6.03603603604
6.04604604605
6.05605605606
6.06606606607
6.07607607608
6.08608608609
6.0960960961
6.10610610611
6.11611611612
6.12612612613
6.13613613614
6.14614614615
6.15615615616
6.16616616617
6.17617617618
6.18618618619
6.1961961962
6.20620620621
6.21621621622
6.22622622623
6.23623623624
6.24624624625
6.25625625626
6.26626626627
6.27627627628
6.28628628629
6.2962962963
6.30630630631
6.31631631632
6.32632632633
6.33633633634
6.34634634635
6.35635635636
6.36636636637
6.37637637638
6.38638638639
6.3963963964
6.40640640641
6.41641641642
6.42642642643
6.43643643644
6.44644644645
6.45645645646
6.46646646647
6.47647647648
6.48648648649
6.4964964965
6.50650650651
6.51651651652
6.52652652653
6.53653653654
6.54654654655
6.55655655656
6.56656656657
6.57657657658
6.58658658659
6.5965965966
6.60660660661
6.61661661662
6.62662662663
6.63663663664
6.64664664665
6.65665665666
6.66666666667
6.67667667668
6.68668668669
6.6966966967
6.70670670671
6.71671671672
6.72672672673
6.73673673674
6.74674674675
6.75675675676
6.76676676677
6.77677677678
6.78678678679
6.7967967968
6.80680680681
6.81681681682
6.82682682683
6.83683683684
6.84684684685
6.85685685686
6.86686686687
6.87687687688
6.88688688689
6.8968968969
6.90690690691
6.91691691692
6.92692692693
6.93693693694
6.94694694695
6.95695695696
6.96696696697
6.97697697698
6.98698698699
6.996996997
7.00700700701
7.01701701702
7.02702702703
7.03703703704
7.04704704705
7.05705705706
7.06706706707
7.07707707708
7.08708708709
7.0970970971
7.10710710711
7.11711711712
7.12712712713
7.13713713714
7.14714714715
7.15715715716
7.16716716717
7.17717717718
7.18718718719
7.1971971972
7.20720720721
7.21721721722
7.22722722723
7.23723723724
7.24724724725
7.25725725726
7.26726726727
7.27727727728
7.28728728729
7.2972972973
7.30730730731
7.31731731732
7.32732732733
7.33733733734
7.34734734735
7.35735735736
7.36736736737
7.37737737738
7.38738738739
7.3973973974
7.40740740741
7.41741741742
7.42742742743
7.43743743744
7.44744744745
7.45745745746
7.46746746747
7.47747747748
7.48748748749
7.4974974975
7.50750750751
7.51751751752
7.52752752753
7.53753753754
7.54754754755
7.55755755756
7.56756756757
7.57757757758
7.58758758759
7.5975975976
7.60760760761
7.61761761762
7.62762762763
7.63763763764
7.64764764765
7.65765765766
7.66766766767
7.67767767768
7.68768768769
7.6976976977
7.70770770771
7.71771771772
7.72772772773
7.73773773774
7.74774774775
7.75775775776
7.76776776777
7.77777777778
7.78778778779
7.7977977978
7.80780780781
7.81781781782
7.82782782783
7.83783783784
7.84784784785
7.85785785786
7.86786786787
7.87787787788
7.88788788789
7.8978978979
7.90790790791
7.91791791792
7.92792792793
7.93793793794
7.94794794795
7.95795795796
7.96796796797
7.97797797798
7.98798798799
7.997997998
8.00800800801
8.01801801802
8.02802802803
8.03803803804
8.04804804805
8.05805805806
8.06806806807
8.07807807808
8.08808808809
8.0980980981
8.10810810811
8.11811811812
8.12812812813
8.13813813814
8.14814814815
8.15815815816
8.16816816817
8.17817817818
8.18818818819
8.1981981982
8.20820820821
8.21821821822
8.22822822823
8.23823823824
8.24824824825
8.25825825826
8.26826826827
8.27827827828
8.28828828829
8.2982982983
8.30830830831
8.31831831832
8.32832832833
8.33833833834
8.34834834835
8.35835835836
8.36836836837
8.37837837838
8.38838838839
8.3983983984
8.40840840841
8.41841841842
8.42842842843
8.43843843844
8.44844844845
8.45845845846
8.46846846847
8.47847847848
8.48848848849
8.4984984985
8.50850850851
8.51851851852
8.52852852853
8.53853853854
8.54854854855
8.55855855856
8.56856856857
8.57857857858
8.58858858859
8.5985985986
8.60860860861
8.61861861862
8.62862862863
8.63863863864
8.64864864865
8.65865865866
8.66866866867
8.67867867868
8.68868868869
8.6986986987
8.70870870871
8.71871871872
8.72872872873
8.73873873874
8.74874874875
8.75875875876
8.76876876877
8.77877877878
8.78878878879
8.7987987988
8.80880880881
8.81881881882
8.82882882883
8.83883883884
8.84884884885
8.85885885886
8.86886886887
8.87887887888
8.88888888889
8.8988988989
8.90890890891
8.91891891892
8.92892892893
8.93893893894
8.94894894895
8.95895895896
8.96896896897
8.97897897898
8.98898898899
8.998998999
9.00900900901
9.01901901902
9.02902902903
9.03903903904
9.04904904905
9.05905905906
9.06906906907
9.07907907908
9.08908908909
9.0990990991
9.10910910911
9.11911911912
9.12912912913
9.13913913914
9.14914914915
9.15915915916
9.16916916917
9.17917917918
9.18918918919
9.1991991992
9.20920920921
9.21921921922
9.22922922923
9.23923923924
9.24924924925
9.25925925926
9.26926926927
9.27927927928
9.28928928929
9.2992992993
9.30930930931
9.31931931932
9.32932932933
9.33933933934
9.34934934935
9.35935935936
9.36936936937
9.37937937938
9.38938938939
9.3993993994
9.40940940941
9.41941941942
9.42942942943
9.43943943944
9.44944944945
9.45945945946
9.46946946947
9.47947947948
9.48948948949
9.4994994995
9.50950950951
9.51951951952
9.52952952953
9.53953953954
9.54954954955
9.55955955956
9.56956956957
9.57957957958
9.58958958959
9.5995995996
9.60960960961
9.61961961962
9.62962962963
9.63963963964
9.64964964965
9.65965965966
9.66966966967
9.67967967968
9.68968968969
9.6996996997
9.70970970971
9.71971971972
9.72972972973
9.73973973974
9.74974974975
9.75975975976
9.76976976977
9.77977977978
9.78978978979
9.7997997998
9.80980980981
9.81981981982
9.82982982983
9.83983983984
9.84984984985
9.85985985986
9.86986986987
9.87987987988
9.88988988989
9.8998998999
9.90990990991
9.91991991992
9.92992992993
9.93993993994
9.94994994995
9.95995995996
9.96996996997
9.97997997998
9.98998998999
10.0
