#Photodynamics, Josh Carter 2013
#
#Input file is _tmp_pd_inp.
#Orbit Error tolerance is 1.000000e-20.
#Step size is 1.000000e-02.
#
#3 bodies with following properties: 
#Index	|	Mass		Radius		Flux		u1		u2
# 0	|	3.986038e-04	9.419056e-03	1.000000e+00	3.900000e-01	2.200000e-01
# 1	|	7.141063e-05	1.182614e-03	3.260000e-04	3.900000e-01	2.200000e-01
# 2	|	6.294671e-05	1.077978e-03	2.240000e-04	3.900000e-01	2.200000e-01
#
#At Time = 1.705000e+02
#Jacobian coordinates:
#Index	|	Mass		x		y		z		v_x		v_y		v_z
# 1	|	4.700144e-04	1.244427e-01	-4.458200e-03	1.215817e-01	-4.290724e-02	-1.500438e-03	4.091918e-02
# 2	|	5.329611e-04	-2.178129e-02	-2.968896e-03	-7.922479e-04	-4.583607e-04	1.883237e-02	-1.544729e-01
#Keplerian Elements of Jacobian coordinates:
#Index	|	Mass		a		Period		Ecc		Inc		omega		Omega		Mean Anom.
# 0	|	4.700144e-04	2.495122e-01	3.612118e+01	3.043000e-01	9.210000e+01	5.288000e+01	0.000000e+00	-4.340000e+00
# 1	|	5.329611e-04	2.198600e-02	8.872611e-01	2.234000e-02	9.690700e+01	-2.704800e+02	8.012000e+00	9.000000e+01
#Barycentric coordinates:
#Index	|	Mass		x		y		z		v_x		v_y		v_z
# 0	|	3.986038e-04	-1.633441e-02	1.027996e-03	-1.837869e-02	6.573155e-03	-1.996278e-03	1.202745e-02
# 1	|	7.141063e-05	1.081083e-01	-3.430204e-03	1.032031e-01	-3.633409e-02	-3.496716e-03	5.294662e-02
# 2	|	6.294671e-05	-1.920876e-02	-2.618247e-03	-6.986775e-04	-4.042249e-04	1.660812e-02	-1.362285e-01
#Barycentric coordinates (LTE):
#Index	|	Mass		x		y		z
# 0	|	3.986038e-04	-1.633511e-02	1.028208e-03	-1.837997e-02
# 1	|	7.141063e-05	1.080867e-01	-3.432288e-03	1.032346e-01
# 2	|	6.294671e-05	-1.920876e-02	-2.618314e-03	-6.981278e-04
#
#Begin output from times in _tmp_pd_rep.
#Time		Flux		x_0		y_0		z_0		x_1		y_1		z_1		x_2		y_2		z_2		vx_0		vy_0		vz_0		vx_1		vy_1		vz_1		vx_2		vy_2		vz_2		
2.062670e+02	9.846657e-01	1.357167e-01	3.144502e-03	-1.063917e-02	-8.799383e-01	-2.026488e-02	6.115547e-02	1.388388e-01	3.076490e-03	-2.000119e-03	-2.321905e-03	3.491170e-03	-3.471455e-02	-1.379131e-02	2.538700e-04	-9.809643e-03	3.034894e-02	-2.239549e-02	2.309551e-01	
2.062750e+02	9.847232e-01	1.357048e-01	3.172153e-03	-1.089743e-02	-8.800486e-01	-2.026285e-02	6.107700e-02	1.390389e-01	2.898862e-03	-2.748941e-04	-7.572639e-04	3.412763e-03	-3.007500e-02	-1.378776e-02	2.539517e-04	-9.809890e-03	2.043699e-02	-2.189908e-02	2.015759e-01	
2.062830e+02	9.847676e-01	1.357030e-01	3.199035e-03	-1.112414e-02	-8.801589e-01	-2.026082e-02	6.099852e-02	1.391756e-01	2.726155e-03	1.250309e-03	2.401723e-04	3.305244e-03	-2.671629e-02	-1.378422e-02	2.540334e-04	-9.810136e-03	1.411680e-02	-2.121832e-02	1.803075e-01	
2.062910e+02	9.848025e-01	1.357078e-01	3.225031e-03	-1.132716e-02	-8.802692e-01	-2.025879e-02	6.092004e-02	1.392699e-01	2.559100e-03	2.625220e-03	9.406646e-04	3.192756e-03	-2.409965e-02	-1.378067e-02	2.541150e-04	-9.810381e-03	9.676976e-03	-2.050609e-02	1.637381e-01	
2.062990e+02	9.848304e-01	1.357175e-01	3.250133e-03	-1.151126e-02	-8.803794e-01	-2.025675e-02	6.084156e-02	1.393334e-01	2.397726e-03	3.880209e-03	1.464061e-03	3.082532e-03	-2.196196e-02	-1.377712e-02	2.541966e-04	-9.810626e-03	6.358600e-03	-1.980821e-02	1.502017e-01	
2.063070e+02	9.848527e-01	1.357308e-01	3.274371e-03	-1.167965e-02	-8.804896e-01	-2.025472e-02	6.076308e-02	1.393735e-01	2.241847e-03	5.035578e-03	1.872341e-03	2.976766e-03	-2.015640e-02	-1.377358e-02	2.542781e-04	-9.810871e-03	3.769184e-03	-1.913855e-02	1.387684e-01	
2.063150e+02	9.848708e-01	1.357471e-01	3.297783e-03	-1.183460e-02	-8.805998e-01	-2.025269e-02	6.068460e-02	1.393950e-01	2.091218e-03	6.105759e-03	2.201057e-03	2.875924e-03	-1.859321e-02	-1.377004e-02	2.543596e-04	-9.811116e-03	1.683604e-03	-1.850006e-02	1.288700e-01	
2.063230e+02	9.848853e-01	1.357659e-01	3.320407e-03	-1.197780e-02	-8.807099e-01	-2.025065e-02	6.060611e-02	1.394013e-01	1.945588e-03	7.101482e-03	2.472186e-03	2.779845e-03	-1.721380e-02	-1.376649e-02	2.544411e-04	-9.811360e-03	-3.731022e-05	-1.789175e-02	1.201353e-01	
2.063310e+02	9.848972e-01	1.357865e-01	3.342281e-03	-1.211055e-02	-8.808200e-01	-2.024861e-02	6.052763e-02	1.393950e-01	1.804725e-03	8.031006e-03	2.700108e-03	2.688153e-03	-1.597794e-02	-1.376295e-02	2.545225e-04	-9.811603e-03	-1.484620e-03	-1.731121e-02	1.123096e-01	
2.063390e+02	9.849068e-01	1.358089e-01	3.363437e-03	-1.223389e-02	-8.809301e-01	-2.024658e-02	6.044914e-02	1.393780e-01	1.668415e-03	8.900852e-03	2.894661e-03	2.600415e-03	-1.485688e-02	-1.375941e-02	2.546039e-04	-9.811846e-03	-2.720629e-03	-1.675571e-02	1.052109e-01	
2.063470e+02	9.849148e-01	1.358328e-01	3.383905e-03	-1.234865e-02	-8.810401e-01	-2.024454e-02	6.037065e-02	1.393518e-01	1.536467e-03	9.716288e-03	3.062825e-03	2.516204e-03	-1.382940e-02	-1.375587e-02	2.546853e-04	-9.812089e-03	-3.789526e-03	-1.622254e-02	9.870477e-02	
2.063550e+02	9.849214e-01	1.358579e-01	3.403713e-03	-1.245549e-02	-8.811502e-01	-2.024250e-02	6.029215e-02	1.393175e-01	1.408712e-03	1.048164e-02	3.209698e-03	2.435126e-03	-1.287942e-02	-1.375233e-02	2.547666e-04	-9.812332e-03	-4.723598e-03	-1.570922e-02	9.268939e-02	
2.063630e+02	9.849269e-01	1.358840e-01	3.422883e-03	-1.255501e-02	-8.812602e-01	-2.024047e-02	6.021366e-02	1.392763e-01	1.284999e-03	1.120051e-02	3.339098e-03	2.356825e-03	-1.199447e-02	-1.374880e-02	2.548479e-04	-9.812574e-03	-5.547023e-03	-1.521347e-02	8.708581e-02	
2.063710e+02	9.849316e-01	1.359112e-01	3.441437e-03	-1.264766e-02	-8.813701e-01	-2.023843e-02	6.013516e-02	1.392289e-01	1.165195e-03	1.187594e-02	3.453946e-03	2.280981e-03	-1.116470e-02	-1.374526e-02	2.549291e-04	-9.812815e-03	-6.278299e-03	-1.473329e-02	8.183160e-02	
2.063790e+02	9.849358e-01	1.359393e-01	3.459393e-03	-1.273387e-02	-8.814801e-01	-2.023639e-02	6.005666e-02	1.391759e-01	1.049182e-03	1.251053e-02	3.556516e-03	2.207312e-03	-1.038217e-02	-1.374172e-02	2.550103e-04	-9.813056e-03	-6.931830e-03	-1.426688e-02	7.687658e-02	
2.063870e+02	9.849396e-01	1.359681e-01	3.476768e-03	-1.281399e-02	-8.815900e-01	-2.023435e-02	5.997816e-02	1.391180e-01	9.368573e-04	1.310651e-02	3.648609e-03	2.135564e-03	-9.640419e-03	-1.373819e-02	2.550915e-04	-9.813297e-03	-7.519012e-03	-1.381264e-02	7.217981e-02	
2.063950e+02	9.849432e-01	1.359976e-01	3.493575e-03	-1.288831e-02	-8.816999e-01	-2.023231e-02	5.989966e-02	1.390556e-01	8.281273e-04	1.366580e-02	3.731669e-03	2.065512e-03	-8.934104e-03	-1.373465e-02	2.551726e-04	-9.813538e-03	-8.048987e-03	-1.336913e-02	6.770741e-02	
2.064030e+02	9.849467e-01	1.360277e-01	3.509829e-03	-1.295711e-02	-8.818097e-01	-2.023026e-02	5.982115e-02	1.389892e-01	7.229114e-04	1.419008e-02	3.806865e-03	1.996952e-03	-8.258746e-03	-1.373112e-02	2.552537e-04	-9.813778e-03	-8.529170e-03	-1.293508e-02	6.343105e-02	
2.064110e+02	9.849503e-01	1.360585e-01	3.525539e-03	-1.302062e-02	-8.819195e-01	-2.022822e-02	5.974264e-02	1.389192e-01	6.211384e-04	1.468084e-02	3.875160e-03	1.929703e-03	-7.610562e-03	-1.372758e-02	2.553347e-04	-9.814017e-03	-8.965647e-03	-1.250932e-02	5.932675e-02	
2.064190e+02	9.849539e-01	1.360897e-01	3.540716e-03	-1.307904e-02	-8.820293e-01	-2.022618e-02	5.966414e-02	1.388458e-01	5.227458e-04	1.513936e-02	3.937347e-03	1.863597e-03	-6.986313e-03	-1.372405e-02	2.554158e-04	-9.814256e-03	-9.363450e-03	-1.209080e-02	5.537403e-02	
2.064270e+02	9.849578e-01	1.361214e-01	3.555368e-03	-1.313254e-02	-8.821391e-01	-2.022413e-02	5.958563e-02	1.387693e-01	4.276794e-04	1.556679e-02	3.994091e-03	1.798484e-03	-6.383210e-03	-1.372052e-02	2.554967e-04	-9.814495e-03	-9.726782e-03	-1.167857e-02	5.155521e-02	
2.064350e+02	9.849620e-01	1.361536e-01	3.569502e-03	-1.318130e-02	-8.822489e-01	-2.022209e-02	5.950711e-02	1.386901e-01	3.358921e-04	1.596413e-02	4.045949e-03	1.734223e-03	-5.798824e-03	-1.371699e-02	2.555777e-04	-9.814734e-03	-1.005917e-02	-1.127174e-02	4.785491e-02	
2.064430e+02	9.849666e-01	1.361862e-01	3.583126e-03	-1.322545e-02	-8.823586e-01	-2.022005e-02	5.942860e-02	1.386084e-01	2.473440e-04	1.633229e-02	4.093391e-03	1.670685e-03	-5.231021e-03	-1.371346e-02	2.556586e-04	-9.814971e-03	-1.036360e-02	-1.086948e-02	4.425963e-02	
2.064510e+02	9.849715e-01	1.362191e-01	3.596244e-03	-1.326512e-02	-8.824683e-01	-2.021800e-02	5.935008e-02	1.385243e-01	1.620012e-04	1.667204e-02	4.136818e-03	1.607750e-03	-4.677916e-03	-1.370993e-02	2.557395e-04	-9.815209e-03	-1.064260e-02	-1.047105e-02	4.075742e-02	
2.064590e+02	9.849769e-01	1.362523e-01	3.608860e-03	-1.330042e-02	-8.825779e-01	-2.021595e-02	5.927156e-02	1.384380e-01	7.983589e-05	1.698411e-02	4.176570e-03	1.545304e-03	-4.137825e-03	-1.370640e-02	2.558203e-04	-9.815446e-03	-1.089833e-02	-1.007570e-02	3.733761e-02	
2.064670e+02	9.849828e-01	1.362859e-01	3.620979e-03	-1.333144e-02	-8.826875e-01	-2.021391e-02	5.919304e-02	1.383499e-01	8.259357e-07	1.726911e-02	4.212940e-03	1.483240e-03	-3.609237e-03	-1.370287e-02	2.559011e-04	-9.815683e-03	-1.113264e-02	-9.682778e-03	3.399065e-02	
2.064750e+02	9.849892e-01	1.363197e-01	3.632602e-03	-1.335827e-02	-8.827971e-01	-2.021186e-02	5.911452e-02	1.382599e-01	-7.504555e-05	1.752758e-02	4.246178e-03	1.421453e-03	-3.090781e-03	-1.369935e-02	2.559818e-04	-9.815919e-03	-1.134711e-02	-9.291614e-03	3.070785e-02	
2.064830e+02	9.849961e-01	1.363538e-01	3.643732e-03	-1.338099e-02	-8.829067e-01	-2.020981e-02	5.903600e-02	1.381683e-01	-1.477903e-04	1.776001e-02	4.276497e-03	1.359847e-03	-2.581206e-03	-1.369582e-02	2.560626e-04	-9.816155e-03	-1.154311e-02	-8.901586e-03	2.748128e-02	
2.064910e+02	9.850035e-01	1.363881e-01	3.654369e-03	-1.339967e-02	-8.830163e-01	-2.020776e-02	5.895747e-02	1.380752e-01	-2.174151e-04	1.796682e-02	4.304082e-03	1.298323e-03	-2.079362e-03	-1.369230e-02	2.561432e-04	-9.816391e-03	-1.172179e-02	-8.512085e-03	2.430368e-02	
2.064990e+02	9.850115e-01	1.364227e-01	3.664514e-03	-1.341436e-02	-8.831258e-01	-2.020571e-02	5.887894e-02	1.379807e-01	-2.839218e-04	1.814838e-02	4.329090e-03	1.236788e-03	-1.584183e-03	-1.368877e-02	2.562239e-04	-9.816626e-03	-1.188414e-02	-8.122512e-03	2.116826e-02	
2.065070e+02	9.850200e-01	1.364574e-01	3.674166e-03	-1.342511e-02	-8.832353e-01	-2.020366e-02	5.880041e-02	1.378850e-01	-3.473077e-04	1.830500e-02	4.351653e-03	1.175148e-03	-1.094669e-03	-1.368525e-02	2.563045e-04	-9.816861e-03	-1.203102e-02	-7.732279e-03	1.806873e-02	
2.065150e+02	9.850291e-01	1.364923e-01	3.683325e-03	-1.343196e-02	-8.833447e-01	-2.020161e-02	5.872188e-02	1.377882e-01	-4.075653e-04	1.843694e-02	4.371885e-03	1.113312e-03	-6.098809e-04	-1.368173e-02	2.563850e-04	-9.817095e-03	-1.216313e-02	-7.340797e-03	1.499913e-02	
2.065230e+02	9.850387e-01	1.365273e-01	3.691988e-03	-1.343495e-02	-8.834542e-01	-2.019956e-02	5.864335e-02	1.376904e-01	-4.646822e-04	1.854442e-02	4.389879e-03	1.051185e-03	-1.289251e-04	-1.367820e-02	2.564656e-04	-9.817329e-03	-1.228108e-02	-6.947476e-03	1.195379e-02	
2.065310e+02	9.850488e-01	1.365625e-01	3.700153e-03	-1.343410e-02	-8.835636e-01	-2.019751e-02	5.856481e-02	1.375917e-01	-5.186416e-04	1.862761e-02	4.405713e-03	9.886738e-04	3.490556e-04	-1.367468e-02	2.565461e-04	-9.817562e-03	-1.238533e-02	-6.551720e-03	8.927288e-03	
2.065390e+02	9.850595e-01	1.365978e-01	3.707816e-03	-1.342944e-02	-8.836729e-01	-2.019546e-02	5.848628e-02	1.374923e-01	-5.694216e-04	1.868665e-02	4.419446e-03	9.256816e-04	8.248904e-04	-1.367116e-02	2.566265e-04	-9.817796e-03	-1.247629e-02	-6.152920e-03	5.914377e-03	
2.065470e+02	9.850706e-01	1.366332e-01	3.714972e-03	-1.342098e-02	-8.837823e-01	-2.019340e-02	5.840774e-02	1.373921e-01	-6.169955e-04	1.872162e-02	4.431124e-03	8.621096e-04	1.299388e-03	-1.366764e-02	2.567069e-04	-9.818028e-03	-1.255424e-02	-5.750448e-03	2.909931e-03	
2.065550e+02	9.850821e-01	1.366687e-01	3.721617e-03	-1.340873e-02	-8.838916e-01	-2.019135e-02	5.832920e-02	1.372914e-01	-6.613314e-04	1.873257e-02	4.440781e-03	7.978554e-04	1.773346e-03	-1.366413e-02	2.567873e-04	-9.818261e-03	-1.261938e-02	-5.343655e-03	-9.109509e-05	
2.065630e+02	9.850941e-01	1.367043e-01	3.727746e-03	-1.339268e-02	-8.840009e-01	-2.018930e-02	5.825066e-02	1.371902e-01	-7.023921e-04	1.871951e-02	4.448433e-03	7.328119e-04	2.247555e-03	-1.366061e-02	2.568677e-04	-9.818493e-03	-1.267183e-02	-4.931865e-03	-3.093716e-03	
2.065710e+02	9.851064e-01	1.367399e-01	3.733350e-03	-1.337284e-02	-8.841102e-01	-2.018724e-02	5.817211e-02	1.370887e-01	-7.401350e-04	1.868241e-02	4.454086e-03	6.668669e-04	2.722811e-03	-1.365709e-02	2.569480e-04	-9.818724e-03	-1.271161e-02	-4.514366e-03	-6.102964e-03	
2.065790e+02	9.851191e-01	1.367755e-01	3.738423e-03	-1.334919e-02	-8.842194e-01	-2.018518e-02	5.809356e-02	1.369869e-01	-7.745114e-04	1.862119e-02	4.457730e-03	5.999014e-04	3.199917e-03	-1.365357e-02	2.570282e-04	-9.818955e-03	-1.273868e-02	-4.090405e-03	-9.123931e-03	
2.065870e+02	9.851320e-01	1.368112e-01	3.742956e-03	-1.332171e-02	-8.843286e-01	-2.018313e-02	5.801502e-02	1.368849e-01	-8.054667e-04	1.853573e-02	4.459343e-03	5.317888e-04	3.679696e-03	-1.365006e-02	2.571085e-04	-9.819186e-03	-1.275288e-02	-3.659179e-03	-1.216182e-02	
2.065950e+02	9.851452e-01	1.368469e-01	3.746939e-03	-1.329037e-02	-8.844378e-01	-2.018107e-02	5.793647e-02	1.367829e-01	-8.329394e-04	1.842590e-02	4.458886e-03	4.623933e-04	4.162994e-03	-1.364654e-02	2.571887e-04	-9.819416e-03	-1.275397e-02	-3.219830e-03	-1.522200e-02	
2.066030e+02	9.851584e-01	1.368825e-01	3.750362e-03	-1.325516e-02	-8.845469e-01	-2.017901e-02	5.785791e-02	1.366809e-01	-8.568609e-04	1.829148e-02	4.456308e-03	3.915686e-04	4.650693e-03	-1.364303e-02	2.572688e-04	-9.819646e-03	-1.274163e-02	-2.771431e-03	-1.831004e-02	
2.066110e+02	9.851718e-01	1.369182e-01	3.753211e-03	-1.321602e-02	-8.846561e-01	-2.017695e-02	5.777936e-02	1.365791e-01	-8.771551e-04	1.813222e-02	4.451539e-03	3.191559e-04	5.143716e-03	-1.363952e-02	2.573490e-04	-9.819876e-03	-1.271542e-02	-2.312976e-03	-2.143180e-02	
2.066190e+02	9.851851e-01	1.369538e-01	3.755475e-03	-1.317292e-02	-8.847652e-01	-2.017490e-02	5.770080e-02	1.364775e-01	-8.937371e-04	1.794785e-02	4.444492e-03	2.449819e-04	5.643041e-03	-1.363601e-02	2.574290e-04	-9.820105e-03	-1.267478e-02	-1.843367e-03	-2.459347e-02	
2.066270e+02	9.851984e-01	1.369893e-01	3.757137e-03	-1.312579e-02	-8.848742e-01	-2.017284e-02	5.762225e-02	1.363763e-01	-9.065132e-04	1.773800e-02	4.435059e-03	1.688563e-04	6.149713e-03	-1.363249e-02	2.575091e-04	-9.820334e-03	-1.261903e-02	-1.361400e-03	-2.780165e-02	
2.066350e+02	9.852114e-01	1.370247e-01	3.758183e-03	-1.307457e-02	-8.849833e-01	-2.017078e-02	5.754369e-02	1.362757e-01	-9.153794e-04	1.750229e-02	4.423109e-03	9.056895e-05	6.664853e-03	-1.362898e-02	2.575891e-04	-9.820562e-03	-1.254734e-02	-8.657438e-04	-3.106347e-02	
2.066430e+02	9.852241e-01	1.370600e-01	3.758592e-03	-1.301920e-02	-8.850923e-01	-2.016871e-02	5.746513e-02	1.361757e-01	-9.202206e-04	1.724024e-02	4.408488e-03	9.886490e-06	7.189678e-03	-1.362547e-02	2.576691e-04	-9.820790e-03	-1.245873e-02	-3.549209e-04	-3.438661e-02	
2.066510e+02	9.852364e-01	1.370952e-01	3.758346e-03	-1.295958e-02	-8.852013e-01	-2.016665e-02	5.738656e-02	1.360765e-01	-9.209089e-04	1.695135e-02	4.391009e-03	-7.345185e-05	7.725519e-03	-1.362196e-02	2.577490e-04	-9.821018e-03	-1.235203e-02	1.727202e-04	-3.777951e-02	
2.066590e+02	9.852482e-01	1.371303e-01	3.757422e-03	-1.289563e-02	-8.853102e-01	-2.016459e-02	5.730800e-02	1.359782e-01	-9.173028e-04	1.663502e-02	4.370452e-03	-1.597392e-04	8.273840e-03	-1.361846e-02	2.578289e-04	-9.821245e-03	-1.222584e-02	7.190358e-04	-4.125145e-02	
2.066670e+02	9.852592e-01	1.371652e-01	3.755794e-03	-1.282724e-02	-8.854191e-01	-2.016253e-02	5.722943e-02	1.358810e-01	-9.092448e-04	1.629058e-02	4.346557e-03	-2.493072e-04	8.836268e-03	-1.361495e-02	2.579088e-04	-9.821472e-03	-1.207850e-02	1.286126e-03	-4.481271e-02	
2.066750e+02	9.852693e-01	1.371998e-01	3.753436e-03	-1.275429e-02	-8.855280e-01	-2.016046e-02	5.715086e-02	1.357851e-01	-8.965596e-04	1.591726e-02	4.319013e-03	-3.425334e-04	9.414622e-03	-1.361144e-02	2.579886e-04	-9.821698e-03	-1.190806e-02	1.876381e-03	-4.847482e-02	
2.066830e+02	9.852784e-01	1.372343e-01	3.750317e-03	-1.267664e-02	-8.856369e-01	-2.015840e-02	5.707229e-02	1.356906e-01	-8.790513e-04	1.551421e-02	4.287454e-03	-4.398506e-04	1.001095e-02	-1.360794e-02	2.580684e-04	-9.821924e-03	-1.171220e-02	2.492541e-03	-5.225077e-02	
2.066910e+02	9.852863e-01	1.372684e-01	3.746401e-03	-1.259414e-02	-8.857457e-01	-2.015634e-02	5.699372e-02	1.355978e-01	-8.565006e-04	1.508047e-02	4.251441e-03	-5.417583e-04	1.062759e-02	-1.360443e-02	2.581482e-04	-9.822150e-03	-1.148812e-02	3.137771e-03	-5.615533e-02	
2.066990e+02	9.852927e-01	1.373023e-01	3.741649e-03	-1.250661e-02	-8.858546e-01	-2.015427e-02	5.691515e-02	1.355070e-01	-8.286609e-04	1.461494e-02	4.210449e-03	-6.488380e-04	1.126722e-02	-1.360093e-02	2.582279e-04	-9.822375e-03	-1.123252e-02	3.815752e-03	-6.020543e-02	
2.067070e+02	9.852975e-01	1.373358e-01	3.736019e-03	-1.241387e-02	-8.859633e-01	-2.015220e-02	5.683657e-02	1.354183e-01	-7.952537e-04	1.411638e-02	4.163844e-03	-7.617714e-04	1.193291e-02	-1.359742e-02	2.583076e-04	-9.822600e-03	-1.094137e-02	4.530802e-03	-6.442063e-02	
2.067150e+02	9.853003e-01	1.373689e-01	3.729459e-03	-1.231569e-02	-8.860721e-01	-2.015014e-02	5.675800e-02	1.353321e-01	-7.559629e-04	1.358339e-02	4.110858e-03	-8.813657e-04	1.262829e-02	-1.359392e-02	2.583872e-04	-9.822824e-03	-1.060982e-02	5.288030e-03	-6.882378e-02	
2.067230e+02	9.853009e-01	1.374016e-01	3.721913e-03	-1.221182e-02	-8.861808e-01	-2.014807e-02	5.667942e-02	1.352488e-01	-7.104279e-04	1.301436e-02	4.050549e-03	-1.008585e-03	1.335760e-02	-1.359042e-02	2.584668e-04	-9.823048e-03	-1.023189e-02	6.093545e-03	-7.344183e-02	
2.067310e+02	9.852990e-01	1.374337e-01	3.713316e-03	-1.210196e-02	-8.862895e-01	-2.014600e-02	5.660084e-02	1.351687e-01	-6.582343e-04	1.240745e-02	3.981755e-03	-1.144595e-03	1.412592e-02	-1.358692e-02	2.585464e-04	-9.823272e-03	-9.800232e-03	6.954724e-03	-7.830685e-02	
2.067390e+02	9.852942e-01	1.374653e-01	3.703591e-03	-1.198577e-02	-8.863982e-01	-2.014393e-02	5.652225e-02	1.350923e-01	-5.989026e-04	1.176054e-02	3.903019e-03	-1.290820e-03	1.493934e-02	-1.358342e-02	2.586259e-04	-9.823495e-03	-9.305617e-03	7.880586e-03	-8.345752e-02	
2.067470e+02	9.852863e-01	1.374961e-01	3.692650e-03	-1.186288e-02	-8.865069e-01	-2.014186e-02	5.644367e-02	1.350202e-01	-5.318732e-04	1.107116e-02	3.812498e-03	-1.449023e-03	1.580534e-02	-1.357992e-02	2.587055e-04	-9.823718e-03	-8.736374e-03	8.882303e-03	-8.894110e-02	
2.067550e+02	9.852747e-01	1.375262e-01	3.680389e-03	-1.173282e-02	-8.866155e-01	-2.013979e-02	5.636508e-02	1.349529e-01	-4.564862e-04	1.033645e-02	3.707821e-03	-1.621424e-03	1.673315e-02	-1.357642e-02	2.587849e-04	-9.823941e-03	-8.077483e-03	9.973923e-03	-9.481610e-02	
2.067630e+02	9.852590e-01	1.375554e-01	3.666684e-03	-1.159506e-02	-8.867241e-01	-2.013772e-02	5.628649e-02	1.348914e-01	-3.719547e-04	9.552973e-03	3.585882e-03	-1.810860e-03	1.773441e-02	-1.357292e-02	2.588644e-04	-9.824163e-03	-7.309286e-03	1.117342e-02	-1.011563e-01	
2.067710e+02	9.852387e-01	1.375836e-01	3.651384e-03	-1.144895e-02	-8.868326e-01	-2.013565e-02	5.620791e-02	1.348365e-01	-2.773278e-04	8.716675e-03	3.442535e-03	-2.021037e-03	1.882407e-02	-1.356942e-02	2.589438e-04	-9.824385e-03	-6.405520e-03	1.250425e-02	-1.080561e-01	
2.067790e+02	9.852132e-01	1.376105e-01	3.634305e-03	-1.129371e-02	-8.869412e-01	-2.013358e-02	5.612931e-02	1.347895e-01	-1.714379e-04	7.822612e-03	3.272103e-03	-2.256900e-03	2.002171e-02	-1.356592e-02	2.590231e-04	-9.824606e-03	-5.330244e-03	1.399774e-02	-1.156398e-01	
2.067870e+02	9.851819e-01	1.376359e-01	3.615216e-03	-1.112837e-02	-8.870497e-01	-2.013151e-02	5.605072e-02	1.347520e-01	-5.282417e-05	6.864695e-03	3.066594e-03	-2.525238e-03	2.135370e-02	-1.356243e-02	2.591025e-04	-9.824827e-03	-4.032847e-03	1.569688e-02	-1.240743e-01	
2.067950e+02	9.851438e-01	1.376595e-01	3.593821e-03	-1.095173e-02	-8.871581e-01	-2.012944e-02	5.597213e-02	1.347259e-01	8.038368e-05	5.835267e-03	2.814355e-03	-2.835687e-03	2.285664e-02	-1.355893e-02	2.591818e-04	-9.825048e-03	-2.439536e-03	1.766268e-02	-1.335912e-01	
2.068030e+02	9.850981e-01	1.376808e-01	3.569732e-03	-1.076223e-02	-8.872666e-01	-2.012736e-02	5.589353e-02	1.347142e-01	2.306489e-04	4.724449e-03	2.497653e-03	-3.202484e-03	2.458325e-02	-1.355544e-02	2.592610e-04	-9.825268e-03	-4.380143e-04	1.998529e-02	-1.445246e-01	
2.068110e+02	9.850435e-01	1.376992e-01	3.542416e-03	-1.055777e-02	-8.873750e-01	-2.012529e-02	5.581493e-02	1.347206e-01	4.013344e-04	3.519080e-03	2.087997e-03	-3.647784e-03	2.661327e-02	-1.355195e-02	2.593402e-04	-9.825488e-03	2.152129e-03	2.280502e-02	-1.573793e-01	
2.068190e+02	9.849786e-01	1.377139e-01	3.511114e-03	-1.033548e-02	-8.874834e-01	-2.012321e-02	5.573633e-02	1.347510e-01	5.972514e-04	2.200888e-03	1.536254e-03	-4.208459e-03	2.907490e-02	-1.354845e-02	2.594194e-04	-9.825707e-03	5.642023e-03	2.635535e-02	-1.729670e-01	
2.068270e+02	9.849011e-01	1.377233e-01	3.474666e-03	-1.009110e-02	-8.875918e-01	-2.012114e-02	5.565773e-02	1.348148e-01	8.257377e-04	7.430164e-04	7.490730e-04	-4.951789e-03	3.219235e-02	-1.354496e-02	2.594986e-04	-9.825926e-03	1.062281e-02	3.106232e-02	-1.927077e-01	
2.068350e+02	9.848079e-01	1.377248e-01	3.431130e-03	-9.817846e-03	-8.877001e-01	-2.011906e-02	5.557912e-02	1.349281e-01	1.099070e-03	-8.973592e-04	-4.778271e-04	-6.018117e-03	3.640840e-02	-1.354147e-02	2.595777e-04	-9.826145e-03	1.838807e-02	3.781465e-02	-2.194052e-01	
2.068430e+02	9.846934e-01	1.377132e-01	3.376746e-03	-9.503436e-03	-8.878084e-01	-2.011698e-02	5.550052e-02	1.351247e-01	1.441045e-03	-2.797879e-03	-2.706347e-03	-7.770919e-03	4.278387e-02	-1.353798e-02	2.596568e-04	-9.826363e-03	3.249599e-02	4.891400e-02	-2.597770e-01	
2.068510e+02	9.845457e-01	1.376736e-01	3.301852e-03	-9.119574e-03	-8.879167e-01	-2.011491e-02	5.542191e-02	1.354988e-01	1.912739e-03	-5.137119e-03	-8.375228e-03	-1.165550e-02	5.500231e-02	-1.353449e-02	2.597359e-04	-9.826581e-03	6.838966e-02	7.351267e-02	-3.371488e-01	
2.068590e+02	9.997760e-01	1.374645e-01	3.134689e-03	-8.536753e-03	-8.880250e-01	-2.011283e-02	5.534330e-02	1.369434e-01	2.966699e-03	-8.730057e-03	-1.333586e-01	-6.428135e-02	9.448626e-02	-1.353100e-02	2.598149e-04	-9.826799e-03	8.598302e-01	4.067605e-01	-5.871767e-01	
2.068670e+02	9.844920e-01	1.371013e-01	3.069564e-03	-9.066962e-03	-8.881332e-01	-2.011075e-02	5.526469e-02	1.393687e-01	3.376877e-03	-5.276347e-03	-1.175454e-02	2.810539e-03	-5.454379e-02	-1.352751e-02	2.598939e-04	-9.827016e-03	8.978093e-02	-1.809230e-02	3.565415e-01	
2.068750e+02	9.845994e-01	1.370405e-01	3.095571e-03	-9.441120e-03	-8.882414e-01	-2.010867e-02	5.518608e-02	1.398768e-01	3.209380e-03	-2.815354e-03	-4.791396e-03	3.462887e-03	-4.087206e-02	-1.352402e-02	2.599729e-04	-9.827233e-03	4.568352e-02	-2.222332e-02	2.699669e-01	
2.068830e+02	9.846737e-01	1.370139e-01	3.123483e-03	-9.738763e-03	-8.883496e-01	-2.010659e-02	5.510746e-02	1.401674e-01	3.029969e-03	-8.400777e-04	-2.124605e-03	3.484019e-03	-3.404291e-02	-1.352054e-02	2.600518e-04	-9.827450e-03	2.879238e-02	-2.235722e-02	2.267222e-01	
2.068910e+02	9.847293e-01	1.370032e-01	3.151047e-03	-9.992517e-03	-8.884577e-01	-2.010451e-02	5.502885e-02	1.403577e-01	2.852848e-03	8.567622e-04	-6.543591e-04	3.399410e-03	-2.960713e-02	-1.351705e-02	2.601307e-04	-9.827666e-03	1.947824e-02	-2.182154e-02	1.986333e-01	
2.068990e+02	9.847724e-01	1.370019e-01	3.177815e-03	-1.021595e-02	-8.885658e-01	-2.010243e-02	5.495023e-02	1.404879e-01	2.680813e-03	2.361324e-03	2.967806e-04	3.290540e-03	-2.636015e-02	-1.351357e-02	2.602095e-04	-9.827881e-03	1.345129e-02	-2.113222e-02	1.780724e-01	
2.069070e+02	9.848063e-01	1.370071e-01	3.203692e-03	-1.041640e-02	-8.886739e-01	-2.010035e-02	5.487161e-02	1.405776e-01	2.514456e-03	3.720112e-03	9.708081e-04	3.178099e-03	-2.381309e-02	-1.351008e-02	2.602884e-04	-9.828097e-03	9.179126e-03	-2.042028e-02	1.619437e-01	
2.069150e+02	9.848334e-01	1.370170e-01	3.228679e-03	-1.059840e-02	-8.887820e-01	-2.009826e-02	5.479299e-02	1.406376e-01	2.353763e-03	4.961907e-03	1.477509e-03	3.068357e-03	-2.172247e-02	-1.350660e-02	2.603671e-04	-9.828312e-03	5.966540e-03	-1.972544e-02	1.487052e-01	
2.069230e+02	9.848552e-01	1.370304e-01	3.252805e-03	-1.076500e-02	-8.888900e-01	-2.009618e-02	5.471437e-02	1.406748e-01	2.198537e-03	6.106119e-03	1.874506e-03	2.963189e-03	-1.995062e-02	-1.350312e-02	2.604459e-04	-9.828526e-03	3.448648e-03	-1.905957e-02	1.374854e-01	
2.069310e+02	9.848727e-01	1.370467e-01	3.276110e-03	-1.091840e-02	-8.889980e-01	-2.009410e-02	5.463574e-02	1.406939e-01	2.048530e-03	7.166632e-03	2.195196e-03	2.862947e-03	-1.841263e-02	-1.349964e-02	2.605246e-04	-9.828741e-03	1.413960e-03	-1.842488e-02	1.277465e-01	
2.069390e+02	9.848869e-01	1.370653e-01	3.298632e-03	-1.106023e-02	-8.891060e-01	-2.009201e-02	5.455711e-02	1.406982e-01	1.903492e-03	8.153821e-03	2.460387e-03	2.767429e-03	-1.705269e-02	-1.349615e-02	2.606033e-04	-9.828954e-03	-2.692871e-04	-1.782011e-02	1.191351e-01	
2.069470e+02	9.848985e-01	1.370859e-01	3.320408e-03	-1.119175e-02	-8.892139e-01	-2.008993e-02	5.447849e-02	1.406902e-01	1.763193e-03	9.075695e-03	2.683777e-03	2.676246e-03	-1.583226e-02	-1.349267e-02	2.606819e-04	-9.829168e-03	-1.687829e-03	-1.724279e-02	1.114070e-01	
2.069550e+02	9.849079e-01	1.371082e-01	3.341470e-03	-1.131397e-02	-8.893218e-01	-2.008784e-02	5.439986e-02	1.406716e-01	1.627423e-03	9.938601e-03	2.874782e-03	2.588963e-03	-1.472369e-02	-1.348919e-02	2.607605e-04	-9.829381e-03	-2.901297e-03	-1.669017e-02	1.043873e-01	
2.069630e+02	9.849157e-01	1.371318e-01	3.361848e-03	-1.142769e-02	-8.894297e-01	-2.008576e-02	5.432123e-02	1.406440e-01	1.495993e-03	1.074767e-02	3.040108e-03	2.505157e-03	-1.370648e-02	-1.348572e-02	2.608391e-04	-9.829594e-03	-3.952151e-03	-1.615957e-02	9.794623e-02	
2.069710e+02	9.849221e-01	1.371567e-01	3.381569e-03	-1.153358e-02	-8.895376e-01	-2.008367e-02	5.424259e-02	1.406086e-01	1.368736e-03	1.150714e-02	3.184669e-03	2.424438e-03	-1.276508e-02	-1.348224e-02	2.609176e-04	-9.829806e-03	-4.871515e-03	-1.564852e-02	9.198514e-02	
2.069790e+02	9.849275e-01	1.371827e-01	3.400654e-03	-1.163221e-02	-8.896454e-01	-2.008158e-02	5.416396e-02	1.405662e-01	1.245504e-03	1.222053e-02	3.312156e-03	2.346455e-03	-1.188738e-02	-1.347876e-02	2.609961e-04	-9.830018e-03	-5.682764e-03	-1.515478e-02	8.642742e-02	
2.069870e+02	9.849322e-01	1.372097e-01	3.419126e-03	-1.172403e-02	-8.897532e-01	-2.007949e-02	5.408532e-02	1.405177e-01	1.126166e-03	1.289083e-02	3.425401e-03	2.270893e-03	-1.106378e-02	-1.347529e-02	2.610746e-04	-9.830229e-03	-6.403819e-03	-1.467639e-02	8.121233e-02	
2.069950e+02	9.849363e-01	1.372375e-01	3.437002e-03	-1.180945e-02	-8.898610e-01	-2.007740e-02	5.400668e-02	1.404638e-01	1.010605e-03	1.352057e-02	3.526612e-03	2.197473e-03	-1.028658e-02	-1.347181e-02	2.611530e-04	-9.830441e-03	-7.048669e-03	-1.421155e-02	7.629098e-02	
2.070030e+02	9.849401e-01	1.372660e-01	3.454298e-03	-1.188881e-02	-8.899688e-01	-2.007531e-02	5.392804e-02	1.404050e-01	8.987201e-04	1.411195e-02	3.617539e-03	2.125946e-03	-9.549439e-03	-1.346834e-02	2.612314e-04	-9.830651e-03	-7.628397e-03	-1.375870e-02	7.162337e-02	
2.070110e+02	9.849437e-01	1.372953e-01	3.471030e-03	-1.196242e-02	-8.900765e-01	-2.007322e-02	5.384940e-02	1.403418e-01	7.904196e-04	1.466686e-02	3.699589e-03	2.056087e-03	-8.847145e-03	-1.346486e-02	2.613098e-04	-9.830862e-03	-8.151909e-03	-1.331642e-02	6.717640e-02	
2.070190e+02	9.849472e-01	1.373252e-01	3.487208e-03	-1.203054e-02	-8.901842e-01	-2.007113e-02	5.377076e-02	1.402746e-01	6.856239e-04	1.518697e-02	3.773904e-03	1.987699e-03	-8.175311e-03	-1.346139e-02	2.613881e-04	-9.831072e-03	-8.626439e-03	-1.288344e-02	6.292232e-02	
2.070270e+02	9.849507e-01	1.373557e-01	3.502844e-03	-1.209338e-02	-8.902919e-01	-2.006904e-02	5.369211e-02	1.402037e-01	5.842630e-04	1.567371e-02	3.841422e-03	1.920599e-03	-7.530227e-03	-1.345792e-02	2.614664e-04	-9.831281e-03	-9.057930e-03	-1.245862e-02	5.883762e-02	
2.070350e+02	9.849544e-01	1.373866e-01	3.517948e-03	-1.215117e-02	-8.903995e-01	-2.006695e-02	5.361347e-02	1.401296e-01	4.862754e-04	1.612836e-02	3.902920e-03	1.854623e-03	-6.908715e-03	-1.345445e-02	2.615446e-04	-9.831491e-03	-9.451302e-03	-1.204093e-02	5.490220e-02	
2.070430e+02	9.849584e-01	1.374181e-01	3.532529e-03	-1.220406e-02	-8.905071e-01	-2.006486e-02	5.353482e-02	1.400525e-01	3.916077e-04	1.655205e-02	3.959049e-03	1.789622e-03	-6.308033e-03	-1.345098e-02	2.616228e-04	-9.831699e-03	-9.810668e-03	-1.162941e-02	5.109868e-02	
2.070510e+02	9.849626e-01	1.374499e-01	3.546592e-03	-1.225222e-02	-8.906147e-01	-2.006276e-02	5.345617e-02	1.399726e-01	3.002139e-04	1.694578e-02	4.010353e-03	1.725457e-03	-5.725791e-03	-1.344751e-02	2.617010e-04	-9.831908e-03	-1.013948e-02	-1.122318e-02	4.741192e-02	
2.070590e+02	9.849672e-01	1.374822e-01	3.560146e-03	-1.229580e-02	-8.907223e-01	-2.006067e-02	5.337752e-02	1.398902e-01	2.120547e-04	1.731042e-02	4.057294e-03	1.662001e-03	-5.159890e-03	-1.344404e-02	2.617791e-04	-9.832116e-03	-1.044067e-02	-1.082143e-02	4.382865e-02	
2.070670e+02	9.849722e-01	1.375148e-01	3.573194e-03	-1.233490e-02	-8.908298e-01	-2.005858e-02	5.329886e-02	1.398055e-01	1.270971e-04	1.764675e-02	4.100264e-03	1.599132e-03	-4.608469e-03	-1.344057e-02	2.618572e-04	-9.832324e-03	-1.071671e-02	-1.042341e-02	4.033707e-02	
#End of output
#
#Final Time = 2.070670e+02
#Fractional Energy Change: -7.307316e-08
#Fractional change in Lz: -4.458207e-10
#Keplerian Elements of Jacobian coordinates:
#Index	|	Mass		a		Period		Ecc		Inc		omega		Omega		Mean Anom.
# 0	|	4.700144e-04	8.170357e-01	2.140355e+02	9.416327e-01	8.162682e+01	1.116344e+01	1.854612e+00	5.429547e+01
# 1	|	5.329611e-04	1.241920e-01	1.191167e+01	3.125011e-01	1.040178e+02	1.703041e+02	1.857933e+00	-1.493809e+02
