t F x v 
206.267
206.275
206.283
206.291
206.299
206.307
206.315
206.323
206.331
206.339
206.347
206.355
206.363
206.371
206.379
206.387
206.395
206.403
206.411
206.419
206.427
206.435
206.443
206.451
206.459
206.467
206.475
206.483
206.491
206.499
206.507
206.515
206.523
206.531
206.539
206.547
206.555
206.563
206.571
206.579
206.587
206.595
206.603
206.611
206.619
206.627
206.635
206.643
206.651
206.659
206.667
206.675
206.683
206.691
206.699
206.707
206.715
206.723
206.731
206.739
206.747
206.755
206.763
206.771
206.779
206.787
206.795
206.803
206.811
206.819
206.827
206.835
206.843
206.851
206.859
206.867
206.875
206.883
206.891
206.899
206.907
206.915
206.923
206.931
206.939
206.947
206.955
206.963
206.971
206.979
206.987
206.995
207.003
207.011
207.019
207.027
207.035
207.043
207.051
207.059
207.067
